uint16_t sin_data[255] ={1038,1077,1116,1154,1192,1230,1267,
1304,1341,1376,1411,1445,1479,1511,1543,1573,1603,1631,1659,1685,1710,1734,1757,1779,1800,1819,
1837,1854,1870,1885,1899,1912,1923,1934,1943,1952,1960,1966,1972,1978,1982,1986,1989,1992,1994,
1995,1997,1997,1998,1998,1998,1998,1997,1997,1996,1996,1995,1995,1994,1994,1993,1993,1993,1993,1993,
1993,1993,1994,1994,1995,1995,1996,1996,1997,1997,2000,2000,2000,2000,1997,1997,1995,1994,1992,1989,
1986,1982,1978,1972,1966,1960,1952,1943,1934,1923,1912,1899,1885,1870,1854,1837,1819,1800,1779,1757,1734,1710,1685,
1659,1631,1603,1573,1543,1511,1479,1445,1411,1376,1341,1304,1267,1230,1192,1154,1116,1077,1038,999,960,
921,882,844,806,768,731,694,657,622,587,553,519,487,455,425,395,367,339,313,288,264,241,219,198,179,
161,144,128,113,99,86,75,64,55,46,38,32,26,20,16,12,9,6,4,3,1,1,0,0,0,0,1,1,2,2,3,4,4,5,5,5,5,5,5,5,
5,5,4,4,3,2,2,1,1,0,0,0,0,1,1,3,4,6,9,12,16,20,26,32,38,46,55,64,75,86,99,113,128,144,161,179,198,219,
241,264,288,313,339,367,395,425,455,487,519,553,587,622,657,694,731,768,806,844,882,921,960}


const uint16_t sin_data[255] ={1028,1067,1116,1154,1192,1230,1267,
1304,1341,1376,1411,1445,1479,1511,1543,1573,1603,1631,1659,1685,1710,1734,1757,1779,1800,1819,
1837,1854,1870,1885,1899,1912,1923,1934,1943,1952,1960,1966,1972,1978,1982,1986,1989,1992,1994,
1995,1997,1997,1998,1998,1998,1998,1997,1997,1996,1996,1995,1995,1994,1994,1993,1993,1993,1993,1993,
1993,1993,1994,1994,1995,1995,1996,1996,1997,1997,2000,2000,2000,2000,1997,1997,1995,1994,1992,1989,
1986,1982,1978,1972,1966,1960,1952,1943,1934,1923,1912,1899,1885,1870,1854,1837,1819,1800,1779,1757,1734,1710,1685,
1659,1631,1603,1573,1543,1511,1479,1445,1411,1376,1341,1304,1267,1230,1192,1154,1116,1077,1038,999,960,
921,882,844,806,768,731,694,657,622,587,553,519,487,455,425,395,367,339,313,288,264,241,219,198,179,
161,144,128,113,99,86,75,64,55,46,38,32,26,20,16,12,9,6,4,3,1,1,0,0,0,0,1,1,2,2,3,4,4,5,5,5,5,5,5,5,
5,5,4,4,3,2,2,1,1,0,0,0,0,1,1,3,4,6,9,12,16,20,26,32,38,46,55,64,75,86,99,113,128,144,161,179,198,219,
241,264,288,313,339,367,395,425,455,487,519,553,587,622,657,694,731,768,806,844,882,921,960};